2	70	1.44598	0.032620	1.4786	4958	9
2	65	1.84701	0.043777	1.89079	5962	17
2	60	2.43067	0.057428	2.4881	6989	41
2	55	3.2419	0.095500	3.3374	8175	97
2	50	4.87664	0.157917	5.03455	9974	255
2	45	8.36185	0.389914	8.75176	13612	641
2	40	16.386	1.017920	17.404	21073	1645
2	35	38.182	3.023010	41.205	33906	4512
2	30	102.578	8.605190	111.183	56913	15346

4	70	0.8037	0.022939	0.82664	4958	9
4	65	1.00258	0.026084	1.02867	5963	17
4	60	1.33882	0.036096	1.37492	6989	41
4	55	1.74978	0.048614	1.79839	8174	97
4	50	2.65128	0.088748	2.74002	9974	255
4	45	4.40889	0.207541	4.61643	13611	641
4	40	8.63865	0.609380	9.24803	21073	1645
4	35	18.9954	1.548550	20.5439	33906	4512
4	30	46.7691	4.750750	51.5198	56913	15346

8	70	0.69678	0.019282	0.71607	4967	9
8	65	0.9018	0.027664	0.92946	5967	17
8	60	1.13601	0.030682	1.16669	6989	41
8	55	1.58318	0.044072	1.62726	8177	97
8	50	2.29621	0.080992	2.3772	10000	255
8	45	3.73042	0.169561	3.89998	13639	641
8	40	7.19811	0.451951	7.65006	21073	1645
8	35	15.0279	1.277720	16.3056	33906	4512
8	30	26.6926	4.648480	31.3411	56913	15346

16	70	0.71118	0.019742	0.73092	4957	9


16	55	1.54536	0.047631	1.59299	8174	97

16	45	3.77178	0.170404	3.94218	13640	641
16	40	6.98315	0.473947	7.4571	21074	1645
16	35	19.5906	1.416000	21.0066	33906	4512
16	30	31.7106	3.956320	35.667	56913	15346

 
 
 
 
 
 
 
 
 
 
 
 
 
